SGR_A* 266.41683 -29.00781 30
1E1724-3045 261.888  -30.804  60
1RXSJ173916 264.8175  -21.79611  12
1RXSJ174559 266.49833  -37.01528  15
E0102-72 16.00833  -72.03131  30
MARKARIAN_3 93.9015  71.03753  20
CYG_X-1-TOO  299.59033  35.20161  40.0
SWIFT_J1753.5-0127-TOO  268.36788  -1.45172  100.0
W44_SOUTH  284.058  1.216  33.0
VERJ2019_P2  305.05417  36.88806  40.0
G93.3+6.9_SE_RIM  313.29933  55.26222  100.0
G93.3+6.9_NW_RIM  312.92821  55.51431  100.0
G93.3+6.9_SOUTH  313.04179  55.18456  80.0
FJ0846+5326  131.555  53.443  45.0
FJ0854+4908  133.746  49.142  45.0
FJ0854+4908_OFFSET  133.721  48.846  30.0
A1674  195.88292  67.49861  40.0
ESO3060170-W  84.61288  -40.93219  90.0
ESO3060170-E  85.49608  -40.98069  90.0
SWCL0759+3244  119.75333  32.74694  41.0
SWCL1330+4206  202.7125  42.11139  49.0
ZWCL1665  125.79583  4.35667  13.0
