## Jupiter
##
## Interpolation parameters for Jupiter as found in
## Van Flandern and Pulkkinen, Ap J. Supp., 41:391 (1979)
##

#                   #5       #7   #8   #18  #19  #22  #25
TrigSeriesTerms    OmegaM   L_S   G_S   L5   G5   G6   G7
LongitudeTerm       L5
DeltaBar            5.30693

## Note that the values in the first column of
## each section have been multipied by 10^5.
# V                                 | U                                   | W
38966  0  sin  0  0  0  1  0  0  0  | 100000  0  cos  0  0  0  0  0  0  0 |  18063  0  sin  0  1  0 -1  0  0  0
 7498  0  sin  0  1  0  0  0  0  0  |  36891  0  cos  0  1  0 -1  0  0  0 |   9081  0  sin  0  0  0  0  1  0  0
-2828  0  sin  0  0  0  1 -1  0  0  |  -9288  0  cos  0  0  0  0  1  0  0 |  -4032  0  sin  0  0  0  2  0  0  0
-2049  0  cos  0  0  0  0  1  0  0  |  -2678  0  cos  0  1  0 -1  1  0  0 |   2286  1  cos  0  0  0  0  0  0  0
  948  1  cos  0  0  0  1  0  0  0  |   -927  0  cos  0  1 -1 -1  0  0  0 |   1138  0  cos  0  0  0  0  0  0  0
  942  0  sin  0  0  0  1  1  0  0  |    898  1  sin  0  1  0 -1  0  0  0 |   -778  0  sin  0  1  0  1  0  0  0

  472  0  cos  0  0  0  1  0  0  0  |    892  0  cos  0  1  0 -1 -1  0  0 |    497  0  cos  0  0  0  0  2 -5  0
 -188  0  sin  0  1 -1  0  0  0  0  |    467  0  sin  0  1  0 -1  0  0  0 |   -454  0  sin  0  1 -1 -1  0  0  0
  149  0  cos  0  0  0  0  0  0  0  |    309  0  cos  0  1  1 -1  0  0  0 |    445  0  cos  0  0  0  1  1  0  0
  113  0  sin  0  0  0  0  1  0  0  |   -119  0  cos  0  0  1  0  0  0  0 |    445  0  cos  0  0  0  1 -1  0  0
  103  0  cos  0  0  0  1  2 -5  0  |   -111  0  cos  0  0  0  0  2  0  0 |    293  0  sin  0  0  0  2 -1  0  0
  103  0  cos  0  0  0  1 -2  5  0  |     98  0  sin  0  1  0 -1 -2  5  0 |   -218  0  sin  0  0  0  0  2 -5  0

  -79  1  cos  0  0  0  1 -1  0  0  |     98  0  sin  0  1  0 -1  2 -5  0 |    151  0  sin  0  1  1 -1  0  0  0
   63  0  sin  0  1  1  0  0  0  0  |     96  0  cos  0  0  0  0  2 -2  0 |   -144  1  cos  0  0  0  0  1  0  0
  -49  0  cos  0  0  0  0  2  0  0  |    -75  1  sin  0  1  0 -1  1  0  0 |    -99  1  cos  0  0  0  2  0  0  0
  -47  0  sin  0  0  0  1  2 -5  0  |     67  0  cos  0  1 -1 -1  1  0  0 |    -97  0  sin  0  0  0  2  1  0  0
   43  0  sin  0  0  0  1 -2  5  0  |    -63  0  cos  0  0  0  0  3 -5  0 |    -83  0  sin  0  0  0  0  2 -2  0
  -40  0  cos  0  0  0  1 -1  0  0  |    -45  0  cos  0  1  0 -1 -2  5  0 |    -72  0  cos  0  0  0  0  1  0  0

  -33  1  sin  0  0  0  1  0  0  0  |     41  0  cos  0  1  0 -1  2 -5  0 |     67  0  sin  0  0  0  0  3 -5  0
   32  0  sin  0  0  0  1  2  0  0  |    -40  0  sin  0  0  0  0  2 -2  0 |    -64  0  cos  0  0  0  1  0  0  0
   26  0  sin  0  0  0  1 -2  2  0  |    -39  0  sin  0  1  0 -1  1  0  0 |    -60  0  sin  0  0  0  0  1 -2  0
  -23  0  sin  0  0  0  1 -3  5  0  |    -35  1  sin  0  0  0  0  1  0  0 |     54  0  sin  0  0  0  0  2  0  0
   19  1  cos  0  0  0  1  1  0  0  |    -32  1  cos  0  0  0  0  1  0  0 |    -53  0  cos  0  0  0  2  0  0  0
   14  0  sin  0  0  0  1 -1  2  0  |     30  0  cos  0  1  0 -1 -2  0  0 |     36  0  cos  0  0  0  0  1 -1  0

   13  1  sin  0  0  0  0  1  0  0  |     25  0  sin  0  0  0  0  2 -3  0 |    -34  0  cos  0  0  0  0  2 -2  0
  -12  2  sin  0  0  0  1  0  0  0  |     25  0  cos  0  1  0 -1  2 -2  0 |     30  0  cos  0  0  0  0  2 -3  0
  -11  0  cos  0  0  0  1 -2  2  0  |    -24  0  sin  0  0  0  0  1 -5  0 |     28  1  sin  0  0  0  0  1  0  0
  -11  0  sin  0  0  0  1  1 -2  0  |     24  0  sin  0  0  0  0  3 -5  0 |    -25  0  sin  0  0  0  1  1  0  0
   10  0  cos  0  0  0  1 -1  1  0  |     23  0  sin  0  0  0  0  1 -1  0 |     25  0  sin  0  0  0  1 -1  0  0
   10  0  cos  0  0  0  1  1  0  0  |    -23  1  sin  0  1 -1 -1  0  0  0 |     22  0  sin  0  0  0  0  2 -3  0

                                    |    -22  0  cos  0  1  1 -1  1  0  0 |
                                    |    -22  0  cos  0  1 -1 -1 -1  0  0 |
                                    |    -21  0  cos  0  1  0 -1  3 -5  0 |
                                    |    -19  0  cos  0  0  0  0  2 -3  0 |
                                    |     18  1  sin  0  1  0 -1 -1  0  0 |
                                    |    -17  0  sin  0  0  0  0  1  0  0 |

    9  1  cos  0  0  0  0  1  0  0  |     14  0  cos  0  1  0 -1  1 -2  0 |    -20  1  sin  0  0  0  0  2 -5  0
    9  0  sin  0  0  0  1 -2  0  0  |    -11  1  cos  0  1  0 -1  0  0  0 |     20  0  sin  0  1 -1  1  0  0  0
    9  0  cos  0  0  0  1 -2  3  0  |    -11  0  sin  0  1 -1 -1  0  0  0 |     16  0  cos  0  0  0  0  3 -5  0
   -8  0  sin  0  0  0  1  2 -2  0  |    -11  2  cos  0  1  0 -1  0  0  0 |     12  0  cos  0  0  0  0  1 -5  0
   -7  1  sin  0  0  0  1 -1  0  0  |    -11  0  cos  0  0  0  0  1 -5  0 |     11  0  cos  0  0  0  1  2  0  0
    7  0  sin  0  0  0  0  3 -5  0  |    -10  0  sin  0  1  0 -1  2 -2  0 |     11  0  cos  0  0  0  1 -2  0  0

   -7  0  sin  0  0  0  1 -2  3  0  |     10  0  sin  0  0  0  0  3 -3  0 |    -11  0  cos  0  0  0  2  2 -5  0
   -7  1  sin  0  0  0  1  2 -5  0  |    -10  0  cos  0  1  0 -1 -1  2  0 |    -11  0  cos  0  0  0  2 -2  5  0
    6  0  cos  0  0  0  1  3 -5  0  |      9  0  sin  0  1  0 -1  1 -1  0 |    -10  0  cos  0  1  0 -1  0  0  0
   -6  0  sin  0  0  0  0  1 -5  0  |      9  0  sin  0  1  0 -1 -1  0  0 |     -9  1  cos  0  0  0  0  2 -5  0
    5  0  sin  0  0  0  1  3 -5  0  |      9  0  cos  0  0  0  0  1 -2  0 |      8  1  cos  0  0  0  2 -1  0  0
    5  0  cos  0  0  0  1  1 -1  0  |      9  0  cos  0  1  0 -1  2  0  0 |     -8  0  sin  1  0  0  0  0  0  0

    5  0  cos  0  0  0  1 -1  5  0  |      8  0  sin  0  1  0 -1  2 -3  0 |      8  0  cos  0  0  0  0  2 -4  0
   -4  0  cos  0  1  0  0  0  0  0  |     -8  1  cos  0  1  0 -1  1  0  0 |     -7  0  sin  0  0  0  0  1 -1  0
   -4  1  sin  0  1  0  0  0  0  0  |      8  1  sin  0  1  1 -1  0  0  0 |     -7  0  sin  0  1  1  1  0  0  0
   -4  0  sin  1  0  0 -1  0  0  0  |     -8  0  cos  0  1  0 -1 -2  2  0 |      6  0  cos  0  0  0  0  3 -3  0
    4  0  cos  0  0  0  1  2 -3  0  |      7  0  cos  0  1  1 -1 -1  0  0 |     -6  0  sin  0  0  0  0  3 -4  0
   -3  0  cos  0  0  0  1  2 -2  0  |     -7  0  sin  0  0  0  0  2 -5  0 |      6  1  sin  0  0  0  2  0  0  0

   -3  1  cos  0  0  0  1  2 -5  0  |     -6  0  cos  0  0  0  0  0  2  0 |     -5  0  sin  0  0  0  0  1 -5  0
    3  0  cos  0  0  0  0  3 -5  0  |     -6  0  cos  0  1  0 -1  2 -3  0 |      5  0  sin  0  0  0  2  2 -5  0
    3  0  sin  0  0  0  1  2 -3  0  |     -6  1  cos  0  1  0 -1 -2  5  0 |     -4  0  sin  0  0  0  2 -2  5  0
    3  0  sin  0  0  0  0  2  0  0  |      6  0  sin  0  1  0 -1 -3  5  0 |      4  0  cos  0  0  0  2 -1  0  0
    3  1  sin  0  0  0  1  1  0  0  |      5  0  cos  0  1  0 -1 -3  5  0 |     -4  0  sin  0  0  0  0  0  1  0
    2  0  sin  0  0  0  3  0  0  0  |      5  0  sin  0  1  0 -1 -1  1  0 |      4  0  sin  0  0  0  0  2 -6  3

    2  0  cos  0  0  0  1 -3  3  0  |      5  0  sin  0  1  0 -1  1 -5  0 |      4  0  cos  0  0  0  0  0  1  0
    2  0  sin  0  0  0  1 -1  5  0  |      5  0  cos  0  0  0  0  3 -3  0 |     -4  0  cos  0  0  0  0  4 -10 0
   -2  0  cos  0  0  0  0  1 -5  0  |      4  0  sin  0  0  0  0  1 -2  0 |     -4  0  sin  0  0  0  0  1 -3  0
   -2  0  cos  0  0  0  0  3  0  0  |      4  0  cos  0  1  2 -1  0  0  0 |     -3  0  cos  0  0  0  0  1 -3  0
    2  0  cos  0  0  0  1  2 -4  0  |      4  0  sin  0  1  1 -1  0  0  0 |      3  0  cos  0  0  0  0  3 -4  0
    2  0  cos  0  0  0  1 -2  4  0  |      3  0  sin  0  0  0  0  0  1  0 |     -3  0  sin  0  0  0  0  4 -10 0

    2  1  sin  0  0  0  1 -2  5  0  |      3  0  sin  0  1  0 -1 -2  3  0 |     -3  0  sin  0  0  0  2  2  0  0
                                    |     -3  0  sin  0  0  0  0  1 -3  0 |      3  1  cos  0  0  0  0  2  0  0
                                    |                                     |     -3  1  sin  0  0  0  1  1  0  0
                                    |                                     |      3  1  sin  0  0  0  1 -1  0  0
                                    |                                     |     -3  0  sin  0  0  0  0  3 -3  0
                                    |                                     |     -3  0  sin  0  0  0  2 -2  2  0

                                    |                                     |      2  0  cos  0  0  0  0  0  2  0
                                    |                                     |      2  0  sin  0  0  0  2 -3  5  0
                                    |                                     |     -2  1  cos  0  0  0  1  1  0  0
                                    |                                     |     -2  1  cos  0  0  0  1 -1  0  0
                                    |                                     |     -2  2  sin  0  0  0  0  1  0  0
                                    |                                     |     -2  1  cos  0  0  0  2  1  0  0

                                    |                                     |      2  0  sin  0  1  2 -1  0  0  0
                                    |                                     |     -2  0  sin  0  0  0  0  4 -4  0
                                    |                                     |      2  1  cos  0  0  0  0  2 -2  0
                                    |                                     |      2  0  sin  0  0  0  0  3  0  0
