## Mars
##
## Interpolation parameters for Mars as found in
## Van Flandern and Pulkkinen, Ap J. Supp., 41:391 (1979)
##

#                   #5       #7   #8  #13  #15  #16  #17  #19
TrigSeriesTerms    OmegaM   L_S   G_S  G2   L4   G4   F4   G5
LongitudeTerm       L4
DeltaBar            1.83094

## Note that the values in the first column of
## each section have been multipied by 10^5.
# V                                   | U                                      | W
32967 0  sin  0  0  0  0  1  0  0  0  | 100000 0  cos  0  0  0  0  0  0  0  0  | 52354 0  sin  0  1  0  0 -1  0  0  0
21734 0  sin  0  1  0  0  0  0  0  0  |  90471 0  cos  0  1  0  0 -1  0  0  0  | 14860 0  sin  0  0  0  0  0  1  0  0
-4634 0  sin  0  0  0  0  1 -1  0  0  | -12909 0  cos  0  0  0  0  0  1  0  0  | -3421 0  sin  0  0  0  0  2  0  0  0
 2454 0  sin  0  0  0  0  0  0  1  0  | -12718 0  cos  0  1  0  0 -1  1  0  0  | -2255 0  sin  0  1  0  0  1  0  0  0
 1535 0  sin  0  0  0  0  1  1  0  0  |   4212 0  cos  0  1  0  0 -1 -1  0  0  | -1315 0  sin  0  1 -1  0 -1  0  0  0
 -546 0  sin  0  1 -1  0  0  0  0  0  |  -2273 0  cos  0  1 -1  0 -1  0  0  0  |  -532 0  sin  0  0  0  0  1  0  1  0

  345 0  sin  0  0  0  0  0  1 -1  0  |   -999 0  cos  0  0  1  0  0  0  0  0  |   532 0  sin  0  0  0  0  1  0 -1  0
  182 0  sin  0  1  1  0  0  0  0  0  |    758 0  cos  0  1  1  0 -1  0  0  0  |   481 0  sin  0  0  0  0  2 -1  0  0
  114 0  sin  0  0  0  0  0  1  1  0  |    318 0  cos  0  1 -1  0 -1  1  0  0  |   439 0  sin  0  1  1  0 -1  0  0  0
  107 0  sin  0  0  0  0  1  2  0  0  |   -300 0  cos  0  0  0  0  0  2  0  0  |   171 0  sin  0  0  0  0  0  2  0  0
   36 0  sin  0  0  0  0  1 -2  0  0  |    294 0  cos  0  1  0  0 -1 -2  0  0  |  -159 0  sin  0  0  0  0  2  1  0  0
  -18 1  sin  0  0  0  0  1  0  0  0  |   -107 0  cos  0  1  1  0 -1  1  0  0  |    75 0  sin  0  0  0  0  1 -1  1  0

  -11 1  sin  0  1  0  0  0  0  0  0  |   -106 0  cos  0  1 -1  0 -1 -1  0  0  |   -75 0  sin  0  0  0  0  1  1 -1  0
    9 0  sin  0  0  0  0  1  3  0  0  |     99 0  cos  0  1  0  0 -1  2  0  0  |    57 0  sin  0  1 -1  0  1  0  0  0
    8 0  sin  0  0  0  0  1  0 -2  0  |     36 0  cos  0  1  1  0 -1 -1  0  0  |   -25 0  sin  0  0  0  0  1  1  1  0
    8 0  sin  0  0  0  0  0  2  1  0  |     24 0  cos  0  1  0  0 -1 -3  0  0  |    25 0  sin  0  0  0  0  1 -1 -1  0
   -5 0  cos  0  1  0  0  0  0  0  0  |     23 0  cos  0  1  0  0 -1  0  2  0  |   -20 0  sin  0  0  0  0  0  0  2  0
   -4 0  cos  0  0  0  0  1  0  0  0  |    -14 0  cos  0  0  0  0  0  3  0  0  |   -19 0  sin  0  1  1  0  1  0  0  0

   -3 0  sin  1  0  0  0 -1  0  0  0  |    -12 1  cos  0  1  0  0 -1  1  0  0  |    19 0  sin  0  0  0  0  0  3  0  0
   -3 0  sin  0  0  0  0  0  2 -1  0  |    -11 1  cos  0  0  0  0  0  1  0  0  |    15 1  sin  0  0  0  0  0  1  0  0
   -2 0  cos  0  0  0  0  1 -1  0  2  |     10 0  cos  0  1  2  0 -1  0  0  0  |   -14 0  cos  0  1  0  0 -1  0  0  0
    2 0  sin  0  1  2  0  0  0  0  0  |      8 0  sin  0  1  0  0 -1  0  0  0  |   -11 0  sin  0  0  0  0  2  2  0  0
    2 0  sin  0  0  0  0  1 -1  0  1  |     -7 0  cos  0  1 -1  0 -1 -2  0  0  |   -11 0  cos  0  0  0  0  0  0  0  0
   -2 0  sin  1 -1  0  0  0  0  0  0  |     -6 0  sin  0  1  0  0 -1  1  0 -2  |    -8 0  cos  0  0  0  0  0  1  0 -2

   -2 0  cos  0  0  0  0  1 -2  0  2  |     -6 0  sin  0  0  0  0  0  2  0 -2  |    -7 0  sin  0  0  0  0  0  1  0 -1
   -2 1  sin  0  0  0  0  1 -1  0  0  |      6 0  cos  0  1  0  0 -1  1  0 -1  |    -7 0  sin  1  0  0  0  0  0  0  0
    2 0  cos  0  0  0  0  1 -1  0  1  |      6 1  cos  0  1 -1  0 -1  0  0  0  |     6 0  cos  0  0  0  0  0  1  0 -1
    2 1  sin  0  1 -1  0  0  0  0  0  |     -6 0  sin  0  1  0  0 -1  2  0 -2  |    -6 0  cos  0  0  0  0  0  2  0 -2
                                      |      5 0  sin  0  1  0  0 -1  1  0 -1  |     6 0  sin  0  1  2  0 -1  0  0  0
                                      |      5 0  cos  0  0  0  0  0  1  0 -1  |     5 0  cos  0  0  1  0  0 -2  0  0

                                      |      4 0  sin  0  0  0  0  0  1  0 -1  |     4 1  sin  0  0  0  0  2  0  0  0
                                      |      4 1  cos  0  1  0  0 -1 -1  0  0  |    -4 0  sin  0  0  0  0  2 -2  0  0
                                      |     -4 0  cos  0  0  2  0  0  0  0  0  |     3 1  sin  0  1 -1  0 -1  0  0  0
                                      |     -4 0  sin  0  0  0  0  0  1  0 -2  |    -3 0  sin  0  0  0  0  0  1 -2  0
                                      |     -4 0  cos  0  1 -1  0 -1  2  0  0  |     3 0  cos  0  0  1  0  0 -1  0  0
                                      |      4 0  cos  0  1  1  0 -1 -2  0  0  |    -3 0  cos  0  0  2  0  0 -3  0  0

                                      |     -3 0  sin  0  0  0  0  0  1  0  0  |    -3 0  cos  0  2  0  0 -2  0  0  0
                                      |     -3 0  cos  0  1  0  0 -1 -1  2  0  |     3 1  sin  0  1  0  0  1  0  0  0
                                      |     -3 0  sin  0  1  0  0 -1 -1  0  2  |     3 1  sin  0  1  0  0 -1  0  0  0
                                      |      3 0  cos  0  1 -2  0 -1  0  0  0  |    -2 0  sin  1  1  0  0 -1  0  0  0
                                      |      3 0  cos  0  1  0  0 -1  3  0  0  |    -2 0  sin  0  0  0  1  0 -3  0  0
                                      |                                        |    -2 0  sin  0  0  1  0  0 -1  0  0

                                      |                                        |    -2 0  sin  1 -1  0  0  1  0  0  0
                                      |                                        |    -2 0  sin  0  0  1  0  0 -2  0  0
                                      |                                        |     2 0  sin  0  1 -2  0 -1  0  0  0
                                      |                                        |    -2 0  sin  0  0  0  0  1  2  1  0
                                      |                                        |     2 0  sin  0  0  0  0  1 -2 -1  0
                                      |                                        |    -2 0  cos  0  0  2  0  0 -4  0  0
