## Mercury
##
## Interpolation parameters for Mercury, as found in
## Van Flandern and Pulkkinen, Ap J. Supp., 41:391 (1979)
##

#                   #1     #5       #7    #8    #9  #10  #11  #13  #16  #19
TrigSeriesTerms     L_M  OmegaM     L_S   G_S   L1   G1   F1   G2   G4   G5
LongitudeTerm       L_S
DeltaBar            1.07693

## Note that the values in the first column of 
## each section have been multipied by 10^5.
# V                                      | U                                         | W
36951 0 sin 0  0  1  0  0  0  0  0  0  0 | 100000 0 cos 0  0  0  0  0  0  0  0  0  0 |-33605 0 sin 0  0  1  0 -1  0  0  0  0  0
13951 0 sin 0  0  0  0  1  0  0  0  0  0 |  65089 0 cos 0  0  1  0 -1  0  0  0  0  0 | 10589 0 sin 0  0  1  0 -1  1  0  0  0  0
-4396 0 sin 0  0  0  0  1 -1  0  0  0  0 | -20509 0 cos 0  0  1  0 -1  1  0  0  0  0 | -3835 0 sin 0  0  2  0  0  0  0  0  0  0
 3935 0 sin 0  0  0  0  0  0  1  0  0  0 |   6621 0 cos 0  0  1  0 -1 -1  0  0  0  0 | -3418 0 sin 0  0  1  0 -1 -1  0  0  0  0
 1419 0 sin 0  0  0  0  1  1  0  0  0  0 |  -5285 0 cos 0  0  0  0  0  1  0  0  0  0 |  2982 0 sin 0  0  0  1  0  0  0  0  0  0
 1240 0 sin 0  0  0  0  0  1 -1  0  0  0 |  -2888 0 cos 0  0  0  1  0  0  0  0  0  0 | -1448 0 sin 0  0  1  0  1  0  0  0  0  0 

 -928 0 sin 0  0  1 -1  0  0  0  0  0  0 |  -1635 0 cos 0  0  1 -1 -1  0  0  0  0  0 |  -854 0 sin 0  0  1  0  0  0  1  0  0  0
  400 0 sin 0  0  0  0  0  1  1  0  0  0 |   1010 0 cos 0  0  1  0 -1 -2  0  0  0  0 |   854 0 sin 0  0  1  0  0  0 -1  0  0  0
  310 0 sin 0  0  1  1  0  0  0  0  0  0 |    545 0 cos 0  0  1  1 -1  0  0  0  0  0 |  -521 0 sin 0  0  1  0 -1 -2  0  0  0  0
  216 0 sin 0  0  0  0  1  2  0  0  0  0 |    515 0 cos 0  0  1 -1 -1  1  0  0  0  0 |   456 0 sin 0  0  1  0  1 -1  0  0  0  0
   76 0 sin 0  0  0  0  1 -2  0  0  0  0 |    356 0 cos 0  0  1  0 -1  2  0  0  0  0 |  -269 0 sin 0  0  1  0  0  1 -1  0  0  0
   61 0 sin 0  0  0  0  0  2  1  0  0  0 |   -270 0 cos 0  0  0  0  0  2  0  0  0  0 |   269 0 sin 0  0  1  0  0 -1  1  0  0  0

   52 0 sin 0  0  0  0  1  0 -2  0  0  0 |    244 0 cos 0  0  1  0 -1  0  2  0  0  0 |  -184 0 sin 0  0  1  0 -1  2  0  0  0  0
   39 0 sin 0  0  0  0  1  3  0  0  0  0 |    183 0 cos 0  0  1  0 -1 -3  0  0  0  0 |  -147 0 sin 0  0  1  0  1  1  0  0  0  0
  -22 0 sin 0  0  0  0  0  2 -1  0  0  0 |   -172 0 cos 0  0  1  1 -1  1  0  0  0  0 |  -126 0 sin 0  0  1  0 -1  0  2  0  0  0
  -19 1 sin 0  0  1  0  0  0  0  0  0  0 |   -166 0 cos 0  0  1 -1 -1 -1  0  0  0  0 |    96 0 sin 0  0  2 -1  0  0  0  0  0  0
  -17 0 sin 0  0  0  0  1  1 -2  0  0  0 |    -77 0 cos 0  0  1  0 -1 -1  2  0  0  0 |   -94 0 sin 0  0  1  0 -1 -3  0  0  0  0
   11 0 sin 0  0  0  0  0  3  1  0  0  0 |     55 0 cos 0  0  1  1 -1 -1  0  0  0  0 |   -87 0 sin 0  0  1  0  0  1  1  0  0  0

    8 0 sin 0  0  0  0  1  4  0  0  0  0 |     36 0 cos 0  0  1  0 -1 -4  0  0  0  0 |    87 0 sin 0  0  1  0  0 -1 -1  0  0  0
   -7 1 sin 0  0  0  0  1  0  0  0  0  0 |    -27 0 cos 0  0  0  0  0  3  0  0  0  0 |    40 0 sin 0  0  1  0 -1 -1  2  0  0  0
   -7 0 cos 0  0  0  0  1  0  0  0  0  0 |    -25 0 cos 0  0  1 -1 -1 -2  0  0  0  0 |   -32 0 sin 0  0  2  1  0  0  0  0  0  0
    5 0 sin 0  0  0  0  1 -1 -2  0  0  0 |     24 0 cos 0  0  1  0 -1  1  2  0  0  0 |   -22 0 sin 0  0  1  0  1  2  0  0  0  0
    5 0 sin 0  0  0  0  1 -3  0  0  0  0 |     24 0 cos 0  0  1  0 -1  3  0  0  0  0 |   -19 0 sin 0  0  1  0 -1 -4  0  0  0  0
   -5 0 cos 0  0  1  0  0  0  0  0  0  0 |    -21 0 sin 0  0  1  0 -1  0  0  0  0  0 |   -18 0 cos 0  0  1  0 -1  0  0  0  0  0

    4 0 sin 0  0  1  2  0  0  0  0  0  0 |    -12 0 cos 0  0  0  2  0  0  0  0  0  0 |   -13 0 sin 0  0  1  0  0  2  1  0  0  0
   -4 0 sin 0  1 -1  0  0  0  0  0  0  0 |     -9 0 cos 0  0  1 -1 -1  2  0  0  0  0 |    13 0 sin 0  0  1  0  0 -2 -1  0  0  0
    3 1 sin 0  0  1 -1  0  0  0  0  0  0 |      8 0 cos 0  0  1  1 -1 -2  0  0  0  0 |   -13 0 sin 0  0  1  0 -1  1  2  0  0  0
    2 0 sin 0  0  0  0  0  4  1  0  0  0 |     -8 0 sin 0  0  1  0 -1 -1  0  0  0  0 |   -13 0 sin 0  0  1  0 -1  3  0  0  0  0
    2 1 sin 0  0  0  0  1 -1  0  0  0  0 |      7 1 cos 0  0  0  1  0  0  0  0  0  0 |   -12 0 cos 0  0  0  0  0  0  0  0  0  0
   -2 0 cos 0  0  0  0  1  1  0  0  0  0 |      7 0 cos 0  0  1  0 -1 -5  0  0  0  0 |    -8 0 sin 0  0  1  0  1 -2  0  0  0  0

    2 0 sin 0  0  0  0  1  5  0  0  0  0 |      7 0 cos 0  0  1  2 -1  0  0  0  0  0 |    -7 1 sin 0  0  0  1  0  0  0  0  0  0
                                         |     -6 0 cos 0  0  1 -1 -1  0  2  0  0  0 |    -7 0 sin 0  1  0  0  0  0  0  0  0  0
                                         |     -5 0 cos 0  0  1 -1 -1 -3  0  0  0  0 |     6 0 sin 0  0  0  2  0  0  0  0  0  0
                                         |     -4 0 sin 0  0  0  1  0  0  0  0  0 -1 |    -5 0 sin 0  0  1  0  1  0 -2  0  0  0
                                         |      4 1 cos 0  0  1 -1 -1  0  0  0  0  0 |     5 0 sin 0  0  1  0  0  2 -1  0  0  0
                                         |     -4 0 cos 0  0  0  0  0  4  0  0  0  0 |    -5 0 sin 0  0  1  0  0 -2  1  0  0  0

                                         |      4 0 cos 0  0  1  0 -1  2  2  0  0  0 |    -5 0 cos 0  0  1  0 -1 -1  0  0  0  0
                                         |     -4 0 sin 0  0  2  0 -2  0  0  0  0  0 |     4 1 sin 0  0  2  0  0  0  0  0  0  0
                                         |      3 0 sin 0  0  0  2  0  0  0 -2  0  0 |    -4 0 sin 0  0  1  0  1  3  0  0  0  0
                                         |                                           |    -4 0 sin 0  0  1  0 -1 -5  0  0  0  0
                                         |                                           |     3 0 sin 1  0 -1  0  0  0  0  0  0  0
                                         |                                           |    -3 0 cos 0  0  2  0 -2  0  0  0  0  0

                                         |                                           |    -2 0 sin 0  0  1  0  0  3  1  0  0  0
                                         |                                           |     2 0 sin 0  0  1  0  0 -3 -1  0  0  0
                                         |                                           |    -2 0 cos 0  0  0  1  0  0  0  0  0 -1
                                         |                                           |     2 0 sin 0  0  0  4  0  0  0  0 -8  3
                                         |                                           |     2 0 cos 0  0  1  0 -1  1  0  0  0  0
                                         |                                           |    -2 0 sin 0  0  1  0 -1  2  2  0  0  0

                                         |                                           |    -2 0 sin 0  0  0  1  0  0  0 -1  0  0
                                         |                                           |     2 0 sin 0  0  1  0  1  1 -2  0  0  0
                                         |                                           |     2 1 sin 0  0  1  0  1  0  0  0  0  0
                                         |                                           |    -2 1 sin 0  0  1  0 -1  0  0  0  0  0
                                         |                                           |    -2 0 cos 0  0  0  2  0  0  0 -2  0  0
                                         |                                           |    -2 0 sin 0  1 -1  0  1  0  0  0  0  0
