## Moon
##
## Interpolation parameters for "RP" -- the distance
## from the Sun -- as found in ## Van Flandern and Pulkkinen, 
## Ap J. Supp., 41:391 (1979).
##

#                   #2    #3    #4   #5      #7    #8   #12
TrigSeriesTerms     G_M   F_M    D  OmegaM   L_S   G_S   L2

60.36298  0  cos  0  0  0  0  0  0  0
-3.27746  0  cos  1  0  0  0  0  0  0
-0.57994  0  cos  1  0 -2  0  0  0  0
-0.46357  0  cos  0  0  2  0  0  0  0
-0.08904  0  cos  2  0  0  0  0  0  0
 0.03865  0  cos  2  0 -2  0  0  0  0

-0.03237  0  cos  0  0  2  0  0 -1  0
-0.02688  0  cos  1  0  2  0  0  0  0
-0.02358  0  cos  1  0 -2  0  0  1  0
-0.02030  0  cos  1  0  0  0  0 -1  0
 0.01719  0  cos  0  0  1  0  0  0  0
 0.01671  0  cos  1  0  0  0  0  1  0

 0.01247  0  cos  1 -2  0  0  0  0  0
 0.00704  0  cos  0  0  0  0  0  1  0
 0.00529  0  cos  0  0  2  0  0  1  0
-0.00524  0  cos  1  0 -4  0  0  0  0
 0.00398  0  cos  1  0 -2  0  0 -1  0
-0.00366  0  cos  3  0  0  0  0  0  0

-0.00295  0  cos  2  0 -4  0  0  0  0
-0.00263  0  cos  0  0  1  0  0  1  0
 0.00249  0  cos  3  0 -2  0  0  0  0
-0.00221  0  cos  1  0  2  0  0 -1  0
 0.00185  0  cos  0  2 -2  0  0  0  0
-0.00161  0  cos  0  0  2  0  0 -2  0

 0.00147  0  cos  1  2 -2  0  0  0  0
-0.00142  0  cos  0  0  4  0  0  0  0
 0.00139  0  cos  2  0 -2  0  0  1  0
-0.00118  0  cos  1  0 -4  0  0  1  0
-0.00116  0  cos  2  0  0  0  0  0  0
-0.00110  0  cos  2  0  0  0  0 -1  0
