## Moon
##
## Interpolation parameters for Moon as found in
## Van Flandern and Pulkkinen, Ap J. Supp., 41:391 (1979)
##

#                   #2    #3    #4   #5      #7    #8   #12
TrigSeriesTerms     G_M   F_M    D  OmegaM   L_S   G_S   L2
LongitudeTerm       L_M
DeltaBar            60.40974

## Note that the values in the first column of
## each section have been multipied by 10^5.
# V                                 | U                                   | W
39558  0  sin  0  1  0  1  0  0  0  | 100000  0  cos  0  0  0  0  0  0  0 | 10478  0  sin  1  0  0  0  0  0  0
 8200  0  sin  0  1  0  0  0  0  0  | -10828  0  cos  1  0  0  0  0  0  0 | -4105  0  sin  0  2  0  2  0  0  0
 3257  0  sin  1 -1  0 -1  0  0  0  |  -1880  0  cos  1  0 -2  0  0  0  0 | -2130  0  sin  1  0 -2  0  0  0  0
 1092  0  sin  1  1  0  1  0  0  0  |  -1479  0  cos  0  0  2  0  0  0  0 | -1779  0  sin  0  2  0  1  0  0  0
  666  0  sin  1 -1  0  0  0  0  0  |    181  0  cos  2  0 -2  0  0  0  0 |  1774  0  sin  0  0  0  1  0  0  0
 -644  0  sin  1  1 -2  1  0  0  0  |   -147  0  cos  2  0  0  0  0  0  0 |   987  0  sin  0  0  2  0  0  0  0

 -331  0  sin  0  1 -2  1  0  0  0  |   -105  0  cos  0  0  2  0  0 -1  0 |  -338  0  sin  1 -2  0 -2  0  0  0  
 -304  0  sin  0  1 -2  0  0  0  0  |    -75  0  cos  1  0 -2  0  0  1  0 |  -309  0  sin  0  0  0  0  0  1  0
 -240  0  sin  1 -1 -2 -1  0  0  0  |    -67  0  cos  1  0  0  0  0 -1  0 |  -190  0  sin  0  2  0  0  0  0  0
  226  0  sin  1  1  0  0  0  0  0  |     57  0  cos  0  0  1  0  0  0  0 |  -144  0  sin  1  0  0  1  0  0  0
 -108  0  sin  1  1 -2  0  0  0  0  |     55  0  cos  1  0  0  0  0  1  0 |  -144  0  sin  1 -2  0 -1  0  0  0
  -79  0  sin  0  1  0 -1  0  0  0  |    -46  0  cos  1  0  2  0  0  0  0 |  -113  0  sin  1  2  0  2  0  0  0

   78  0  sin  0  1  2  1  0  0  0  |     41  0  cos  1 -2  0  0  0  0  0 |   -94  0  sin  1  0 -2  0  0  1  0 
   66  0  sin  0  1  0  1  0 -1  0  |     24  0  cos  0  0  0  0  0  1  0 |   -92  0  sin  2  0 -2  0  0  0  0
  -62  0  sin  0  1  0  1  0  1  0  |     17  0  cos  0  0  2  0  0  1  0 |    71  0  sin  0  0  2  0  0 -1  0
  -50  0  sin  1 -1 -2  0  0  0  0  |     13  0  cos  1  0 -2  0  0 -1  0 |    70  0  sin  2  0  0  0  0  0  0 
   45  0  sin  2  1  0  1  0  0  0  |    -10  0  cos  1  0 -4  0  0  0  0 |    67  0  sin  1  2 -2  2  0  0  0 
  -31  0  sin  2  1 -2  1  0  0  0  |     -9  0  cos  0  0  1  0  0  1  0 |    66  0  sin  0  2 -2  1  0  0  0

  -27  0  sin  1  1 -2  1  0  1  0  |      7  0  cos  2  0 -2  0  0  1  0 |   -66  0  sin  0  0  2  1  0  0  0 
  -24  0  sin  0  1 -2  1  0  1  0  |      6  0  cos  3  0 -2  0  0  0  0 |    61  0  sin  1  0  0  0  0 -1  0
  -21  1  sin  0  1  0  1  0  0  0  |      6  0  cos  0  2 -2  0  0  0  0 |   -58  0  sin  0  0  1  0  0  0  0
   18  0  sin  0  1 -1  1  0  0  0  |     -5  0  cos  0  0  2  0  0 -2  0 |   -49  0  sin  1  2  0  1  0  0  0
   16  0  sin  0  1  2  0  0  0  0  |     -5  0  cos  2  0 -4  0  0  0  0 |   -49  0  sin  1  0  0 -1  0  0  0
   16  0  sin  1 -1  0 -1  0 -1  0  |      5  0  cos  1  2 -2  0  0  0  0 |   -42  0  sin  1  0  0  0  0  1  0

  -16  0  sin  2 -1  0 -1  0  0  0  |     -5  0  cos  1  0 -1  0  0  0  0 |    34  0  sin  0  2 -2  2  0  0  0
  -15  0  sin  0  1 -2  0  0  1  0  |     -4  0  cos  1  0  2  0  0 -1  0 |   -26  0  sin  0  2 -2  0  0  0  0
  -12  0  sin  1 -1 -2 -1  0  1  0  |     -4  0  cos  3  0  0  0  0  0  0 |    25  0  sin  1 -2 -2 -2  0  0  0
  -11  0  sin  1 -1  0 -1  0  1  0  |     -3  0  cos  1  0 -4  0  0  1  0 |    24  0  sin  1 -2  0  0  0  0  0
    9  0  sin  1  1  0  1  0 -1  0  |     -3  0  cos  2 -2  0  0  0  0  0 |    23  0  sin  1  2 -2  1  0  0  0
    9  0  sin  2  1  0  0  0  0  0  |     -3  0  cos  0  2  0  0  0  0  0 |    23  0  sin  1  0 -2 -1  0  0  0

    8  0  sin  2 -1  0  0  0  0  0  |                                     |    19  0  sin  1  0  2  0  0  0  0
    8  0  sin  1  1  2  1  0  0  0  |                                     |    12  0  sin  1  0 -2  0  0 -1  0
   -8  0  sin  0  3 -2  1  0  0  0  |                                     |    11  0  sin  1  0 -2  1  0  0  0
    7  0  sin  1 -1  2  0  0  0  0  |                                     |    11  0  sin  1 -2 -2 -1  0  0  0
   -7  0  sin  2 -1 -2 -1  0  0  0  |                                     |   -10  0  sin  0  0  2  0  0  1  0
   -7  0  sin  1  1  0  1  0  1  0  |                                     |     9  0  sin  1  0 -1  0  0  0  0

   -6  0  sin  0  1  1  1  0  0  0  |                                     |     8  0  sin  0  0  1  0  0  1  0
    6  0  sin  0  1 -2  0  0 -1  0  |                                     |    -8  0  sin  0  2  2  2  0  0  0
    6  0  sin  1 -1  0  1  0  0  0  |                                     |    -8  0  sin  0  0  0  2  0  0  0
    6  0  sin  0  1  2  1  0 -1  0  |                                     |    -7  0  sin  0  2  0  2  0 -1  0
   -5  0  sin  1  1 -2  0  0  1  0  |                                     |     6  0  sin  0  2  0  2  0  1  0
   -4  0  sin  2  1 -2  0  0  0  0  |                                     |    -5  0  sin  1  2  0  0  0  0  0

    4  0  sin  1 -3  0 -1  0  0  0  |                                     |     5  0  sin  3  0  0  0  0  0  0
    4  0  sin  1 -1  0  0  0 -1  0  |                                     |    -5  0  sin  1  0  0  0 16  0 -18
   -3  0  sin  1 -1  0  0  0  1  0  |                                     |    -5  0  sin  2  2  0  2  0  0  0
    3  0  sin  0  1 -1  0  0  0  0  |                                     |     4  1  sin  0  2  0  2  0  0  0
    3  0  sin  0  1 -2  1  0 -1  0  |                                     |     4  0  cos  1  0  0  0 16  0 -18
   -3  0  sin  0  1 -2 -1  0  0  0  |                                     |    -4  0  sin  1 -2  2  0  0  0  0

    3  0  sin  1  1 -2  1  0 -1  0  |                                     |    -4  0  sin  1  0 -4  0  0  0  0
    3  0  sin  0  1  0  0  0 -1  0  |                                     |    -4  0  sin  3  0 -2  0  0  0  0
   -3  0  sin  0  1 -1  1  0 -1  0  |                                     |    -4  0  sin  0  2  2  1  0  0  0
   -2  0  sin  1 -1 -2  0  0  1  0  |                                     |    -4  0  sin  0  0  2 -1  0  0  0
   -2  0  sin  0  1  0  0  0  1  0  |                                     |    -3  0  sin  0  0  0  0  0  2  0 
    2  0  sin  1  1 -1  1  0  0  0  |                                     |    -3  0  sin  1  0 -2  0  0  2  0

   -2  0  sin  1  1  0 -1  0  0  0  |                                     |     3  0  sin  0  2 -2  1  0  1  0
    2  0  sin  3  1  0  1  0  0  0  |                                     |    -3  0  sin  0  0  2  1  0 -1  0
   -2  0  sin  2 -1 -4 -1  0  0  0  |                                     |     3  0  sin  2  2 -2  2  0  0  0
    2  0  sin  1 -1 -2 -1  0 -1  0  |                                     |     3  0  sin  0  0  2  0  0 -2  0
   -2  1  sin  1 -1  0 -1  0  0  0  |                                     |    -3  0  sin  2  0 -2  0  0  1  0
   -2  0  sin  1 -1 -4 -1  0  0  0  |                                     |     3  0  sin  1  2 -2  2  0  1  0

   -2  0  sin  1  1 -4  0  0  0  0  |                                     |    -3  0  sin  2  0 -4  0  0  0  0
   -2  0  sin  2 -1 -2  0  0  0  0  |                                     |     2  0  sin  0  2 -2  2  0  1  0
    2  0  sin  1  1  2  0  0  0  0  |                                     |    -2  0  sin  2  2  0  1  0  0  0
    2  0  sin  1  1  0  0  0 -1  0  |                                     |    -2  0  sin  2  0  0 -1  0  0  0
                                    |                                     |     2  1  cos  1  0  0  0 16  0 -18
                                    |                                     |     2  0  sin  0  0  4  0  0  0  0

                                    |                                     |    -2  0  sin  0  2 -1  2  0  0  0
                                    |                                     |    -2  0  sin  1  2 -2  0  0  0  0
                                    |                                     |    -2  0  sin  2  0  0  1  0  0  0
                                    |                                     |    -2  0  sin  2 -2  0 -1  0  0  0
                                    |                                     |     2  0  sin  1  0  2  0  0 -1  0
                                    |                                     |     2  0  sin  2  0  0  0  0 -1  0

                                    |                                     |    -2  0  sin  1  0 -4  0  0  1  0
                                    |                                     |     2  1  sin  1  0  0  0 16  0 -18
                                    |                                     |    -2  0  sin  1 -2  0 -2  0 -1  0
                                    |                                     |     2  0  sin  2 -2  0 -2  0  0  0
                                    |                                     |    -2  0  sin  1  0  2  1  0  0  0
                                    |                                     |    -2  0  sin  1 -2  2 -1  0  0  0
