## Neptune
##
## Interpolation parameters for Neptune, as found in
## Van Flandern and Pulkkinen, Ap J. Supp., 41:391 (1979)
##

#                   #5        #7    #8   #19   #22 #24   #25  #27  #28  #29
TrigSeriesTerms     OmegaM    L_S   G_S   G5   G6   L7   G7   L8    G8   F8  
LongitudeTerm       L8
DeltaBar            30.08900

## Note that the values in the first column of 
## each section have been multipied by 10^5.
# V                                      | U                                         | W
39763 0 sin 0  0  0  0  0  0  0  1  0  0 | 100000 0 cos 0  0  0  0  0  0  0  0  0  0 | -4126 0 sin 0  0  0  0  0  0  0  2  0  0
 2846 0 sin 0  0  0  0  0  0  0  0  0  1 |   6640 0 cos 0  1  0  0  0  0  0 -1  0  0 |  3186 0 sin 0  1  0  0  0  0  0 -1  0  0
 1323 0 sin 0  1  0  0  0  0  0  0  0  0 |  -1707 0 cos 0  0  0  0  0  0  0  0  1  0 |  1636 0 sin 0  0  0  0  0  0  0  0  1  0
 -510 0 sin 0  0  0  0  0  0  0  1 -1  0 |   -167 0 cos 0  1 -1  0  0  0  0 -1  0  0 |  -617 0 sin 0  0  0  0  0  0  0  1  0  1
  170 0 sin 0  0  0  0  0  0  0  1  1  0 |    -85 0 cos 0  1  0  0  0  0  0 -1  1  0 |   617 0 sin 0  0  0  0  0  0  0  1  0 -1
   36 0 sin 0  0  0  0  0  0  0  0  1 -1 |     56 0 cos 0  1  1  0  0  0  0 -1  0  0 |  -137 0 sin 0  1  0  0  0  0  0  1  0  0 

  -33 0 sin 0  1 -1  0  0  0  0  0  0  0 |    -52 0 cos 0  0  0  0  0  2 -1 -2  0  0 |   -80 0 sin 0  1 -1  0  0  0  0 -1  0  0
  -21 1 sin 0  0  0  0  0  0  0  1  0  0 |     28 0 cos 0  1  0  0  0  0  0 -1 -1  0 |    53 0 sin 0  0  0  0  0  0  0  2 -1  0
  -15 1 sin 0  0  0  0  0  0  0  0  0  1 |     28 0 cos 0  0  0  1  0  0  0  0 -1  0 |    27 0 sin 0  1  1  0  0  0  0 -1  0  0
   12 0 sin 0  0  0  0  0  0  0  0  1  1 |    -21 1 sin 0  0  0  0  0  0  0  0  1  0 |   -23 0 sin 0  0  0  0  0  0  0  0  0  2
   11 0 sin 0  1  1  0  0  0  0  0  0  0 |     20 0 sin 0  1  0  0  0  0  0 -1  0  0 |   -20 1 cos 0  0  0  0  0  0  0  0  1  0
   10 0 sin 0  0  0  0  0  0  0  1  0 -2 |     17 0 sin 0  0  0  1  0  0  0  0 -1  0 |   -18 0 sin 0  0  0  0  0  0  0  2  1  0

   -6 1 cos 0  0  0  0  0  0  0  1 -1  0 |    -13 0 sin 0  0  0  0  1  0  0  0 -1  0 |    13 0 sin 0  0  0  1  0  0  0  0 -1  0
    5 0 sin 0  0  0  1  0  0  0  1 -1  0 |     12 0 cos 0  0  0  0  1  0  0  0 -1  0 |   -10 0 cos 0  1  0  0  0  0  0 -1  0  0
    5 0 sin 0  0  0  0  0  2 -1 -3  0  0 |    -11 0 sin 0  0  0  0  0  0  1  0 -1  0 |    -8 0 cos 0  0  0  1  0  0  0  0 -1  0
   -5 0 sin 0  0  0  0  0  2 -1 -1  0  0 |     -7 0 cos 0  0  0  0  0  0  1  0 -1  0 |     8 0 sin 0  0  0  0  0  0  0  1 -1  1
   -4 0 cos 0  1  0  0  0  0  0  0  0  0 |     -4 0 cos 0  0  1  0  0  0  0  0  0  0 |    -8 0 sin 0  0  0  0  0  0  0  1  1 -1
   -3 0 cos 0  0  0  1  0  0  0  1 -1  0 |      3 1 cos 0  0  0  0  0  0  0  0  1  0 |    -8 0 sin 1  0  0  0  0  0  0  0  0  0

    3 0 cos 0  0  0  0  1  0  0  1 -1  0 |                                           |     6 0 cos 0  0  0  0  1  0  0  0 -1  0
    2 1 sin 0  0  0  0  1  0  0  1 -1  0 |                                           |     6 0 sin 0  0  0  0  1  0  0  0 -1  0
    2 0 sin 0  0  0  0  1  0  0  1  0  0 |                                           |     5 1 sin 0  0  0  0  0  0  0  2  0  0
   -2 0 sin 0  0  0  0  1  0  0 -1  0  0 |                                           |    -4 0 sin 0  0  0  0  0  0  2  0 -3  0
   -2 1 cos 0  0  0  0  0  0  0  1  1  0 |                                           |     4 0 cos 0  0  0  0  0  0  2  0 -2  0
   -2 0 sin 1  0  0  0  0  0  0  1  0  0 |                                           |     4 1 sin 0  0  0  0  0  0  0  1  0  1

   -2 0 sin 1  0  0  0  0  0  0 -1  0  0 |                                           |    -4 1 sin 0  0  0  0  0  0  0  1  0 -1
                                         |                                           |     3 0 sin 0  1 -1  0  0  0  0  1  0  0
                                         |                                           |    -3 0 sin 0  0  0  0  0  0  0  1  1  1
                                         |                                           |     3 0 sin 0  0  0  0  0  0  0  1 -1 -1
                                         |                                           |    -2 0 cos 0  0  0  0  0  0  2  0 -3  0
                                         |                                           |     2 0 cos 0  0  0  0  0  0  1  0 -2  0

                                         |                                           |    -2 0 cos 0  0  0  0  0  0  0  0  0  0
                                         |                                           |    -2 1 sin 0  0  0  0  0  0  0  0  1  0
