## Saturn
##
## Interpolation parameters for Saturn, as found in
## Van Flandern and Pulkkinen, Ap J. Supp., 41:391 (1979)
##

#                   #5       #7   #8   #19  #21  #22  #25
TrigSeriesTerms    OmegaM   L_S   G_S   G5   L6   G6   G7
LongitudeTerm       L6
DeltaBar            9.61711

## Note that the values in the first column of 
## each section have been multipied by 10^5.
# V                                 | U                                   | W
39412  0  sin  0  0  0  0  1  0  0  | 100000 0  cos  0  0  0  0  0  0  0  | 10619 0  sin  0  0  0  0  0  1  0
 4138  0  sin  0  1  0  0  0  0  0  |  20588 0  cos  0  1  0  0 -1  0  0  |  9967 0  sin  0  1  0  0 -1  0  0
 3664  0  sin  0  0  0  0  0  1  0  | -10998 0  cos  0  0  0  0  0  1  0  | -4059 0  sin  0  0  0  0  2  0  0
-3310  0  sin  0  0  0  0  1 -1  0  |  -1729 0  cos  0  1  0  0 -1  1  0  |  2307 1  cos  0  0  0  0  0  0  0
-1480  0  cos  0  0  0  0  0  1  0  |    574 0  cos  0  1  0  0 -1 -1  0  | -1237 0  cos  0  0  0  2  0 -5  0
 1099  0  sin  0  0  0  0  1  1  0  |   -517 0  cos  0  1 -1  0 -1  0  0  |  1151 0  cos  0  0  0  0  0  0  0

  957  1  cos  0  0  0  0  1  0  0  |    500 1  sin  0  1  0  0 -1  0  0  |  -795 0  sin  0  0  0  0  1  1  0
  471  0  cos  0  0  0  0  1  0  0  |   -389 0  sin  0  0  0  2  0 -4  0  |   795 0  sin  0  0  0  0  1 -1  0
 -259  0  cos  0  0  0  2  1 -5  0  |    269 0  sin  0  1  0  0 -1  0  0  |   542 0  sin  0  0  0  2  0 -5  0
 -255  0  cos  0  0  0  2 -1 -5  0  |    172 0  cos  0  1  1  0 -1  0  0  |  -429 0  sin  0  1  0  0  1  0  0
  123  0  cos  0  0  0  0  0  0  0  |    168 0  sin  0  0  0  1  0 -1  0  |  -347 0  cos  0  0  0  2  0 -4  0
  118  0  sin  0  0  0  2  1 -5  0  |   -153 0  cos  0  0  0  0  0  2  0  |   340 0  sin  0  0  0  0  2 -1  0

 -113  1  cos  0  0  0  0  1 -1  0  |   -135 0  sin  0  1  0 -2 -1  5  0  |   321 0  cos  0  0  0  0  1  1  0
  107  0  sin  0  0  0  2 -1 -5  0  |   -133 0  sin  0  1  0  2 -1 -5  0  |   321 0  cos  0  0  0  0  1 -1  0
 -104  0  sin  0  1 -1  0  0  0  0  |   -113 0  cos  0  0  0  1  0 -2  0  |  -250 0  sin  0  1 -1  0 -1  0  0
  102  0  sin  0  0  0  0  0  2  0  |   -109 1  sin  0  0  0  0  0  1  0  |  -235 1  cos  0  0  0  0  0  1  0
  -96  0  cos  0  0  0  2 -1 -4  0  |     81 0  sin  0  0  0  2  0 -5  0  |   195 0  sin  0  0  0  1  0 -2  0
  -56  0  cos  0  0  0  0  1 -1  0  |     70 0  sin  0  0  0  2  0 -6  0  |  -116 0  cos  0  0  0  0  0  1  0

   53  0  sin  0  0  0  0  1  2  0  |     67 1  cos  0  0  0  0  0  1  0  |  -112 0  sin  0  0  0  0  2  1  0
   51  0  sin  0  0  0  1 -1 -2  0  |     62 0  cos  0  1  0 -2 -1  5  0  |  -100 1  cos  0  0  0  0  2  0  0
  -48  0  cos  0  0  0  2  1 -4  0  |    -59 1  sin  0  1  0  0 -1  1  0  |    83 0  sin  0  1  1  0 -1  0  0
  -42  0  cos  0  0  0  0  0  2  0  |    -56 0  cos  0  1  0  2 -1 -5  0  |   -82 0  cos  0  0  0  0  2  0  0
   35  1  cos  0  0  0  0  0  1  0  |    -51 0  sin  0  0  0  0  0  1  0  |    72 0  sin  0  0  0  0  0  2  0
   35  0  sin  0  1  1  0  0  0  0  |    -50 0  sin  0  1  0  2 -1 -4  0  |   -69 1  sin  0  0  0  0  0  1  0

  -32  1  sin  0  0  0  0  1  0  0  |     43 0  cos  0  1 -1  0 -1  1  0  |   -53 0  cos  0  0  0  0  1  0  0
  -32  0  cos  0  0  0  2  0 -4  0  |    -36 0  cos  0  0  1  0  0  0  0  |    46 1  sin  0  0  0  2  0 -5  0
   29  0  sin  0  0  0  1  1 -2  0  |     33 0  cos  0  0  0  2  0 -6  0  |   -35 0  cos  0  0  0  2  0 -6  0
   24  1  sin  0  0  0  0  1 -1  0  |    -31 0  sin  0  1  0  0 -1  1  0  |    28 1  cos  0  0  0  2  0 -5  0
   22  0  sin  0  0  0  0  1 -2  0  |    -28 0  cos  0  0  0  2  0 -2  0  |    27 0  cos  0  0  0  2  2 -5  0
   20  0  sin  0  0  0  2  0 -6  0  |     27 0  cos  0  1  0  0 -1 -2  0  |    26 0  cos  0  0  0  2 -2 -5  0

  -19  0  cos  0  0  0  2  0 -6  0  |    -27 0  cos  0  1  0  1 -1 -2  0  |   -22 0  sin  0  0  0  0  1  2  0
  -17  0  cos  0  0  0  1  1 -1  0  |    -25 0  sin  0  1  0 -2 -1  4  0  |    22 0  sin  0  0  0  0  1 -2  0
   17  0  cos  0  0  0  1 -1 -1  0  |     25 0  cos  0  0  0  1  0 -1  0  |   -22 0  sin  0  0  0  2  0 -4  0
   16  1  cos  0  0  0  0  1  1  0  |     22 0  cos  0  0  0  1  0 -3  0  |    17 0  sin  0  0  0  1  0 -3  0
   16  1  sin  0  0  0  2  1 -5  0  |     19 0  cos  0  0  0  2  0 -5  0  |    15 0  sin  0  0  0  2  0 -6  0
  -15  0  cos  0  0  0  2 -1 -6  0  |     15 0  cos  0  1  0 -1 -1  2  0  |    13 0  sin  0  0  0  2  0 -2  0

  -12  0  sin  0  0  0  2 -1 -4  0  |    -14 0  cos  0  1  1  0 -1  1  0  |   -13 0  sin  0  0  0  2  0 -6  3
  -12  2  sin  0  0  0  0  1  0  0  |    -14 0  cos  0  1 -1  0 -1 -1  0  |    13 0  cos  0  0  0  1  0 -3  0
   -9  0  cos  0  0  0  2  0 -5  0  |    -14 0  cos  0  0  0  2  0 -3  0  |   -12 0  sin  0  0  0  2  2 -5  0
    9  1  cos  0  0  0  2  1 -5  0  |    -13 1  sin  0  1 -1  0 -1  0  0  |    12 1  cos  0  0  0  0  2 -1  0
    9  1  sin  0  0  0  0  0  1  0  |     12 0  cos  0  1  0  0 -1  2  0  |    11 0  sin  0  0  0  2  0 -3  0
    8  0  cos  0  0  0  0  1  1  0  |     12 1  cos  0  1  0  0 -1  1  0  |    11 0  sin  0  1 -1  0  1  0  0

   -7  1  sin  0  0  0  0  1  1  0  |     -9 0  sin  0  1  0 -1 -1  1  0  |   -11 0  sin  0  0  0  2 -2 -5  0
    7  0  cos  0  0  0  0  1 -2  0  |      9 0  sin  0  1  0  1 -1 -1  0  |    10 0  cos  0  0  0  2 -2 -4  0
   -7  0  cos  0  0  0  0  1  2  0  |      9 0  cos  0  0  0  2  0 -4  0  |   -10 0  sin  0  0  0  0  0  1 -3
   -7  1  cos  0  0  0  0  0  0  0  |      9 0  sin  0  0  0  0  0  2 -3  |    10 0  cos  0  0  0  0  2 -1  0
   -7  0  cos  0  0  0  0  3  0  0  |      8 1  sin  0  1  0  0 -1 -1  0  |   -10 0  cos  0  1  0  0 -1  0  0
    6  0  sin  0  0  0  0  3  0  0  |      8 1  cos  0  1  0 -2 -1  5  0  |     9 0  cos  0  0  0  4  0 -10 0

    6  0  sin  0  0  0  2 -1 -6  0  |     -8 0  sin  0  0  0  1  0  0  0  |     9 0  cos  0  0  0  0  1  2  0
    6  0  sin  0  0  0  1  1 -1  0  |     -8 1  cos  0  0  0  0  0  0  0  |     9 0  cos  0  0  0  0  1 -2  0
    6  0  cos  0  0  0  2 -1 -3  0  |     -8 0  sin  0  1  0  2 -1 -6  0  |     9 0  cos  0  0  0  0  0  2 -3
    6  0  sin  0  0  0  2 -1 -2  0  |      7 0  sin  0  0  0  2  0 -2  0  |     9 0  sin  0  0  0  4  0 -10 0
    5  0  sin  0  0  0  1  0 -3  0  |      7 0  sin  0  0  0  2  0 -3  0  |    -8 0  sin  1  0  0  0  0  0  0
    4  0  sin  0  0  0  0  0  3  0  |     -6 0  sin  0  0  0  1  0 -3  0  |    -8 1  cos  0  0  0  0  1  1  0

   -4  0  cos  0  0  0  2  0 -3  0  |      6 0  cos  0  1  0  2 -1 -4  0  |    -8 1  cos  0  0  0  0  1 -1  0
    4  0  sin  0  0  0  2 -1 -3  0  |     -6 0  sin  0  1 -1  0 -1  0  0  |    -8 0  cos  0  0  0  0  0  1 -3
   -4  0  cos  0  1  0  0  0  0  0  |     -6 2  cos  0  1  0  0 -1  0  0  |     7 0  cos  0  0  0  2  1 -4  0
    4  0  sin  0  0  0  1 -1 -3  0  |     -6 1  cos  0  1  0  0 -1  0  0  |     7 0  cos  0  0  0  2 -1 -4  0
   -4  0  sin  1  0  0  0 -1  0  0  |      6 1  cos  0  0  0  2  0 -6  0  |     7 0  sin  0  0  0  1  0 -1  0
    4  1  sin  0  0  0  2 -1 -5  0  |      5 0  cos  0  1  1  0 -1 -1  0  |     6 0  sin  0  0  0  0  0  3  0

    3  0  cos  0  0  0  1  1 -3  0  |      5 1  sin  0  0  0  2  0 -4  0  |     6 0  cos  0  0  0  2  0 -3  0
    3  0  sin  0  0  0  2  1 -4  0  |      5 1  sin  0  1  0 -2 -1  5  0  |     6 1  sin  0  0  0  2  0 -4  0
    3  0  sin  0  0  0  0  1  3  0  |     -4 0  sin  0  0  0  3  0 -3  0  |    -5 0  sin  0  0  0  0  0  2 -2
    3  1  sin  0  0  0  2  1 -4  0  |      4 0  sin  0  1  0  0 -1 -1  0  |    -5 0  sin  0  0  0  1 -2 -2  0
    3  0  sin  0  0  0  1  1 -3  0  |      4 0  sin  0  0  0  0  0  2  0  |    -5 0  sin  0  0  0  0  2  2  0
   -3  0  sin  0  0  0  1 -1 -1  0  |      4 1  sin  0  1  1  0 -1  0  0  |     5 0  sin  0  0  0  4  0 -9  0

    3  1  cos  0  0  0  2 -1 -5  0  |      4 0  sin  0  1  0  0 -1  2  0  |     5 1  sin  0  0  0  0  2  0  0
   -3  0  cos  0  0  0  2  1 -3  0  |     -4 0  cos  0  0  0  0  0  2 -3  |     5 0  cos  0  0  0  2  2 -4  0
   -3  0  sin  0  0  0  2  1 -6  3  |     -4 0  sin  0  1  0  0 -1 -2  0  |     5 0  sin  0  0  0  0  0  2 -3
   -3  0  sin  0  0  0  2 -1 -6  3  |      4 0  cos  0  0  0  2  0 -7  0  |    -4 0  sin  0  0  0  2  1 -6  0
    3  0  cos  0  0  0  0  1 -2  3  |     -4 1  cos  0  1  0  0 -1 -1  0  |    -4 0  sin  0  0  0  2 -1 -6  0
    3  0  sin  0  0  0  1  0 -1  0  |     -4 1  cos  0  0  0  0  0  2  0  |    -4 2  sin  0  0  0  0  0  1  0

    3  0  cos  0  0  0  4 -1 -10 0  |      4 0  sin  0  0  0  2  0 -7  0  |     4 0  cos  0  0  0  2  1 -6  0
    3  0  sin  0  0  0  2  0 -5  0  |     -3 0  sin  0  1  0  0 -3  0  0  |     4 0  cos  0  0  0  2 -1 -6  0
    3  0  sin  0  0  0  4 -1 -10 0  |     -3 0  sin  0  1  0  0  1  0  0  |     4 0  cos  0  0  0  2  0 -2  0
   -2  1  sin  0  1  0  0  0  0  0  |      3 0  sin  0  1 -1 -2 -1  5  0  |    -4 0  sin  0  0  0  0  0  1 -2
    2  0  sin  0  0  0  0  1 -1  3  |      3 0  cos  0  1  0  0 -3  0  0  |     4 0  cos  0  0  0  0  0  1 -1
   -2  0  sin  0  0  0  0  1  1 -3  |      3 0  sin  0  1 -1  2 -1 -5  0  |    -4 0  sin  0  1  1  0  1  0  0

    2  0  cos  0  0  0  1  0 -3  0  |     -3 0  cos  0  1  0  0  1  0  0  |    -3 0  sin  0  0  0  1  2 -2  0
    2  0  cos  0  0  0  1 -1 -3  0  |     -3 0  sin  0  0  0  1  0 -2  0  |    -3 1  sin  0  0  0  4  0 -10 0
   -2  0  cos  0  0  0  0  0  3  0  |     -3 0  cos  0  1  0  2 -1 -6  0  |     3 1  cos  0  0  0  0  1  0  0
    2  2  sin  0  0  0  0  1 -1  0  |     -3 0  cos  0  0  0  0  0  3  0  |    -3 0  cos  0  0  0  0  2  1  0
    2  0  cos  0  0  0  2 -1 -2  0  |      3 0  cos  0  1  0 -1 -1  1  0  |     3 1  cos  0  0  0  4  0 -10 0
   -2  0  cos  0  0  0  0  1 -1  3  |                                     |    -3 1  sin  0  0  0  0  2 -1  0

   -2  0  cos  0  0  0  0  1  1 -3  |                                     |    -2 0  sin  0  0  0  3  0 -7  0
    2  0  sin  0  0  0  4 -1 -9  0  |                                     |     2 1  cos  0  0  0  0  0  2  0
                                    |                                     |    -2 0  sin  0  0  0  0  2 -2  0
                                    |                                     |    -2 0  cos  0  0  0  2  0 -7  0
                                    |                                     |    -2 0  cos  0  0  0  0  0  2 -2
                                    |                                     |    -2 0  cos  0  0  0  0  0  3  0

                                    |                                     |     2 0  sin  0  0  0  3  0 -4  0
                                    |                                     |    -2 0  cos  0  0  0  3  0 -3  0
                                    |                                     |     2 0  cos  0  0  0  2  1 -5  0
                                    |                                     |     2 0  cos  0  0  0  2 -1 -5  0
                                    |                                     |     2 1  sin  0  0  0  1  0 -1  0
                                    |                                     |     2 0  cos  0  0  0  1  2 -1  0

                                    |                                     |    -2 0  cos  0  0  0  1 -2 -1  0
                                    |                                     |    -2 1  cos  0  0  0  0  2  1  0
                                    |                                     |     2 0  cos  0  0  0  1  0  0  0
                                    |                                     |    -2 1  sin  0  0  0  2  2 -5  0
                                    |                                     |     2 0  cos  0  0  0  2 -2 -6  0
