## Saturn
##
## Interpolation parameters for "RP" -- the distance
## from the Sun -- as found in ## Van Flandern and Pulkkinen, 
## Ap J. Supp., 41:391 (1979).
##

#                   #5       #7   #8   #19  #21  #22  #25
TrigSeriesTerms    OmegaM   L_S   G_S   G5   L6   G6   G7

 9.55774  0  cos  0  0  0  0  0  0  0
-0.53252  0  cos  0  0  0  0  0  1  0
-0.01878  0  sin  0  0  0  2  0 -4  0
-0.01482  0  cos  0  0  0  0  0  2  0
 0.00817  0  sin  0  0  0  1  0 -1  0
-0.00539  0  cos  0  0  0  1  0 -2  0

-0.00524  1  sin  0  0  0  0  0  1  0
 0.00349  0  sin  0  0  0  2  0 -5  0
 0.00347  0  sin  0  0  0  2  0 -6  0
 0.00328  1  cos  0  0  0  0  0  1  0
-0.00225  0  sin  0  0  0  0  0  1  0
 0.00149  0  cos  0  0  0  2  0 -6  0

-0.00126  0  cos  0  0  0  2  0 -2  0
 0.00104  0  cos  0  0  0  1  0 -1  0
 0.00101  0  cos  0  0  0  2  0 -5  0
 0.00098  0  cos  0  0  0  1  0 -3  0
-0.00073  0  cos  0  0  0  2  0 -3  0
-0.00062  0  cos  0  0  0  0  0  3  0

 0.00042  0  sin  0  0  0  0  0  2 -3
 0.00041  0  sin  0  0  0  2  0 -2  0
-0.00040  0  sin  0  0  0  1  0 -3  0
 0.00040  0  cos  0  0  0  2  0 -4  0
-0.00028  1  cos  0  0  0  0  0  0  0
-0.00023  0  sin  0  0  0  1  0  0  0

 0.00020  0  sin  0  0  0  2  0 -7  0

