## Uranus
##
## Interpolation parameters for Uranus as found in
## Van Flandern and Pulkkinen, Ap J. Supp., 41:391 (1979)
##

#                   #5       #7   #8  #19  #22  #24  #25  #26  #28
TrigSeriesTerms    OmegaM   L_S   G_S  G5   G6   L7   G7   F7   G8
LongitudeTerm       L7
DeltaBar            19.24877

## Note that the values in the first column of
## each section have been multipied by 10^5.
# V                                      | U                                         | W
39633  0  sin  0  0  0  0  0  1  0  0  0 |100000  0  cos  0  0  0  0  0  0  0  0  0  | 8987  0  sin  0  0  0  0  0  0  1  0  0
-2799  0  sin  0  0  0  0  0  1 -1  0  0 | 10346  0  cos  0  1  0  0  0 -1  0  0  0  | 4980  0  sin  0  1  0  0  0 -1  0  0  0
 2067  0  sin  0  1  0  0  0  0  0  0  0 | -9344  0  cos  0  0  0  0  0  0  1  0  0  |-4113  0  sin  0  0  0  0  0  2  0  0  0
 1232  0  sin  0  0  0  0  0  0  0  1  0 |  -731  0  cos  0  1  0  0  0 -1  1  0  0  |  290  0  sin  0  0  0  0  0  2 -1  0  0
  932  0  sin  0  0  0  0  0  1  1  0  0 |  -260  0  cos  0  1 -1  0  0 -1  0  0  0  | -267  0  sin  0  0  0  0  0  1  0  1  0
   87  0  sin  0  0  0  0  0  0  1 -1  0 |  -258  1  sin  0  0  0  0  0  0  1  0  0  |  267  0  sin  0  0  0  0  0  1  0 -1  0

  -77  1  cos  0  0  0  0  0  1 -1  0  0 |   243  0  cos  0  1  0  0  0 -1 -1  0  0  | -248  1  cos  0  0  0  0  0  0  1  0  0
  -52  0  sin  0  1 -1  0  0  0  0  0  0 |  -110  0  cos  0  0  0  0  0  0  2  0  0  | -215  0  sin  0  1  0  0  0  1  0  0  0
   33  0  sin  0  0  0  0  0  1  2  0  0 |    87  0  cos  0  1  1  0  0 -1  0  0  0  | -125  0  sin  0  1 -1  0  0 -1  0  0  0
   29  0  sin  0  0  0  0  0  0  1  1  0 |   -61  0  cos  0  0  0  0  1  0 -2  0  0  |  -97  0  sin  0  0  0  0  0  2  1  0  0
  -26  1  cos  0  0  0  0  0  1  1  0  0 |   -52  1  cos  0  0  0  0  0  0  1  0  0  |   65  0  sin  0  0  0  0  1  0 -2  0  0
  -22  1  sin  0  0  0  0  0  1  0  0  0 |   -47  0  cos  0  0  0  1  0  0 -1  0  0  |   53  0  sin  0  0  0  0  0  0  2  0  0

   19  0  sin  0  0  0  0  1 -1 -2  0  0 |    35  0  sin  0  0  0  0  1  0 -1  0  0  |   51  1  sin  0  0  0  0  0  0  1  0  0
   17  0  sin  0  1  1  0  0  0  0  0  0 |    20  0  sin  0  0  0  1  0  0 -1  0  0  |   47  0  sin  0  0  0  0  1  0 -3  0  0
  -14  1  sin  0  0  0  0  0  1 -1  0  0 |   -20  1  sin  0  1  0  0  0 -1  1  0  0  |   42  0  sin  0  1  1  0  0 -1  0  0  0
   11  0  sin  0  0  0  0  0  1 -2  0  0 |    20  0  sin  0  1  0  0  0 -1  0  0  0  |   35  0  cos  0  0  0  0  1  0 -3  0  0
   10  0  sin  0  0  0  0  1  1 -3  0  0 |    18  0  cos  0  1 -1  0  0 -1  1  0  0  |  -22  0  sin  0  0  0  1  0  0 -1  0  0
   -9  0  sin  0  0  0  1  0  1 -1  0  0 |    13  0  cos  0  0  0  0  1  0 -3  0  0  |  -19  0  sin  0  0  0  0  0  1  1 -1  0

                                         |                                           |   19  0  sin  0  0  0  0  0  1 -1  1  0
                                         |                                           |   15  2  cos  0  0  0  0  0  0  0  0  0
                                         |                                           |   14  0  sin  0  0  0  2 -6  0  3  0  0
                                         |                                           |   13  0  cos  0  0  0  0  0  0  2  0 -2
                                         |                                           |  -13  0  cos  0  0  0  0  0  0  1  0 -1
                                         |                                           |  -10  0  cos  0  0  0  1  0  0 -1  0  0

    9  0  sin  0  0  0  0  1 -1 -3  0  0 |    10  0  sin  0  0  0  0  1  0 -2  0  0  |  -10  0  cos  0  1  0  0  0 -1  0  0  0
    8  0  cos  0  0  0  0  1  1 -3  0  0 |    -9  0  cos  0  0  1  0  0  0  0  0  0  |    9  0  sin  0  0  0  0  0  0  1  0 -1
    8  0  sin  0  0  0  0  1  1 -2  0  0 |     9  0  cos  0  1  0  0  0 -1 -2  0  0  |    9  0  cos  0  0  0  0  1  0 -2  0  0
    7  0  cos  0  0  0  0  1 -1 -3  0  0 |    -8  0  cos  0  0  0  0  0  0  3  0 -3  |   -9  0  cos  0  0  0  0  1  0 -1  0  0
    6  2  cos  0  0  0  0  0  1  0  0  0 |     8  0  sin  0  0  0  0  0  0  2  0 -2  |    8  0  sin  0  0  0  0  0  0  2  0 -3
   -5  0  cos  0  0  0  0  1  1 -1  0  0 |    -8  1  sin  0  0  0  0  0  0  2  0  0  |    8  1  cos  0  0  0  0  0  2 -1  0  0

    5  1  sin  0  0  0  0  0  1  1  0  0 |    -7  0  sin  0  0  0  0  1  0 -3  0  0  |   -8  0  sin  1  0  0  0  0  0  0  0  0
   -4  0  cos  0  0  0  1  0  1 -1  0  0 |    -6  0  sin  0  0  0  0  0  0  1  0 -1  |    7  0  sin  0  0  0  0  0  0  3  0 -3
   -4  0  cos  0  1  0  0  0  0  0  0  0 |    -6  0  cos  0  1  1  0  0 -1  1  0  0  |   -6  2  cos  0  0  0  0  0  0  1  0  0
    4  0  cos  0  0  0  0  0  1 -2  0  2 |    -6  0  cos  0  1 -1  0  0 -1 -1  0  0  |   -6  0  sin  0  0  0  0  0  1  1  1  0
   -3  0  cos  0  0  0  0  0  1 -1  0  1 |    -6  1  sin  0  1  0  0  0 -1 -1  0  0  |    6  0  sin  0  0  0  0  0  1 -1 -1  0
    3  0  sin  0  0  0  2 -6  1  3  0  0 |    -5  0  cos  0  1  0  0  1 -1 -2  0  0  |   -6  0  cos  0  0  0  0  0  0  1  0  0

    3  0  sin  0  0  0  2 -6 -1  3  0  0 |                                           |    5  0  sin  0  1 -1  0  0  1  0  0  0
    3  0  cos  0  0  0  0  1 -1 -2  0  0 |    -4  1  cos  0  1  0  0  0 -1  1  0  0  |    5  1  sin  0  0  0  0  0  2  0  0  0
    2  0  sin  0  0  0  0  1  1  0  0  0 |     4  2  cos  0  0  0  0  0  0  1  0  0  |    5  0  sin  0  0  0  0  0  0  2  0 -2
   -2  0  sin  0  0  0  0  1 -1  0  0  0 |     3  0  cos  0  0  0  1  0  0  0  0  0  |   -4  0  sin  0  0  0  0  0  0  0  2  0
   -2  0  sin  0  0  0  0  0  1 -3  0  3 |                                           |    4  0  cos  0  0  0  0  0  0  2  0 -3
   -2  1  cos  0  0  0  0  0  0  1 -1  0 |                                           |    3  1  cos  0  0  0  0  1  0 -3  0  0

   -2  0  cos  0  0  0  0  0  1  1  0 -1 |                                           |   -3  0  sin  0  0  0  0  0  2  2  0  0
    2  0  cos  0  0  0  0  0  1  2  0 -2 |                                           |   -3  2  sin  0  0  0  0  0  0  1  0  0
    2  0  sin  0  0  0  0  0  1  1  0 -1 |                                           |    3  1  cos  0  0  0  0  1  0 -2  0  0
   -2  0  sin  0  0  0  0  0  1 -1  0  1 |                                           |    3  0  sin  0  0  0  0  1  0 -1  0  0
    2  0  sin  0  0  0  0  0  1  0 -2  0 |                                           |    3  0  sin  0  0  0  2 -6  0  2  0  0
    2  0  sin  0  0  0  0  0  1  2  0 -3 |                                           |    3  1  cos  0  0  0  0  0  2  1  0  0

   -2  0  sin  0  0  0  0  0  1 -2  0  3 |                                           |    3  0  cos  0  0  0  2 -6  0  2  0  0
    2  0  cos  0  0  0  0  1 -1 -1  0  0 |                                           |   -3  1  sin  0  0  0  0  1  0 -3  0  0
   -2  0  sin  1  0  0  0  0  1  0  0  0 |                                           |   -3  1  cos  0  0  0  0  0  0  2  0  0
   -2  0  sin  1  0  0  0  0 -1  0  0  0 |                                           |   -2  0  cos  0  0  0  0  0  0  0  0  0
   -2  1  cos  0  0  0  0  0  1  2  0  0 |                                           |    2  0  sin  0  0  0  0  0  0  3  0  0
                                         |                                           |   -2  0  sin  0  0  0  0  0  0  3  0 -4

                                         |                                           |    2  0  cos  0  0  0  0  0  0  3  0 -3
                                         |                                           |   -2  0  sin  0  0  0  0  1 -2 -2  0  0
                                         |                                           |   -2  0  sin  0  1  1  0  0  1  0  0  0
                                         |                                           |    2  1  sin  0  0  0  0  0  2 -1  0  0
