## Venus
##
## Interpolation parameters for Venus as found in
## Van Flandern and Pulkkinen, Ap J. Supp., 41:391 (1979)
##

#                   #1       #5       #7   #8    #12   #13   #14   #16   #19
TrigSeriesTerms     L_M     OmegaM   L_S   G_S    L2    G2    F2    G4    G5
LongitudeTerm       L_S
DeltaBar            1.23437

## Note that the values in the first column of
## each section have been multipied by 10^5.
# V                                     | U                                        | W
32238 0  sin  0  0  1  0  0  0  0  0  0 | 100000 0  cos  0  0  0  0  0  0  0  0  0 | -56128  0  sin  0  0  1  0 -1  0  0  0  0
23301 0  sin  0  0  0  0  1  0  0  0  0 |  94848 0  cos  0  0  1  0 -1  0  0  0  0 |  -3345  0  sin  0  0  2  0  0  0  0  0  0
 3182 0  sin  0  0  0  0  0  0  1  0  0 |  -2383 0  cos  0  0  1 -1 -1  0  0  0  0 |   2602  0  sin  0  0  0  1  0  0  0  0  0
 -810 0  sin  0  0  1 -1  0  0  0  0  0 |  -2198 0  cos  0  0  0  1  0  0  0  0  0 |  -2418  0  sin  0  0  1  0  1  0  0  0  0
  270 0  sin  0  0  1  1  0  0  0  0  0 |   -970 0  cos  0  0  1  0 -1  1  0  0  0 |   -690  0  sin  0  0  1  0  0  0  1  0  0
 -238 0  sin  0  0  0  0  1 -1  0  0  0 |    795 0  cos  0  0  1  1 -1  0  0  0  0 |    690  0  sin  0  0  1  0  0  0 -1  0  0

   80 0  sin  0  0  0  0  1  1  0  0  0 |   -468 0  cos  0  0  0  0  0  1  0  0  0 |    574  0  sin  0  0  1  0 -1  1  0  0  0
   33 0  sin  0  0  0  0  0  1 -1  0  0 |    324 0  cos  0  0  1  0 -1 -1  0  0  0 |   -192  0  sin  0  0  1  0 -1 -1  0  0  0
   20 0  sin  0  0  0  0  1  0 -2  0  0 |     83 0  cos  0  0  1  0 -1  0  2  0  0 |     84  0  sin  0  0  2 -1  0  0  0  0  0
  -17 1  sin  0  0  1  0  0  0  0  0  0 |     25 0  cos  0  0  1 -1 -1  1  0  0  0 |    -49  0  sin  0  0  1  0 -1  0  2  0  0
  -13 1  sin  0  0  0  0  1  0  0  0  0 |     10 0  cos  0  0  1  2 -1  0  0  0  0 |    -28  0  sin  0  0  2  1  0  0  0  0  0
   11 0  sin  0  0  0  0  0  1  1  0  0 |     -9 0  cos  0  0  0  2  0  0  0  0  0 |     25  0  sin  0  0  1  0  1 -1  0  0  0

   -6 0  cos  0  0  0  0  1  0  0  0  0 |     -8 0  cos  0  0  1 -1 -1 -1  0  0  0 |    -18  0  cos  0  0  1  0 -1  0  0  0  0
   -6 0  cos  0  0  1  0  0  0  0  0  0 |     -8 0  cos  0  0  1  1 -1  1  0  0  0 |    -14  0  cos  0  0  0  0  0  0  0  0  0
    3 0  sin  0  0  1  2  0  0  0  0  0 |     -8 0  sin  0  0  1  0 -1  0  0  0  0 |     -8  0  sin  0  0  1  0  1  1  0  0  0
   -3 0  sin  0  1 -1  0  0  0  0  0  0 |      6 1  cos  0  0  1 -1 -1  0  0  0  0 |      7  0  sin  0  0  1  0  0 -1  1  0  0
    2 1  sin  0  0  1 -1  0  0  0  0  0 |      6 1  cos  0  0  0  1  0  0  0  0  0 |     -7  0  sin  0  0  1  0  0  1 -1  0  0
   -2 0  sin  0  1  0  0 -1  0  0  0  0 |     -5 1  cos  0  0  1  0 -1 -1  0  0  0 |     -6  1  sin  0  0  0  1  0  0  0  0  0

                                        |      5 1  cos  0  0  1  0 -1  1  0  0  0 |     -6  0  sin  0  1  0  0  0  0  0  0  0
                                        |     -4 1  cos  0  0  1  0 -1  0  0  0  0 |      5  0  sin  0  0  0  2  0  0  0  0  0
                                        |     -3 0  sin  0  0  0  1  0  0  0  0 -1 |      4  1  sin  0  0  2  0  0  0  0  0  0
                                        |      3 0  cos  0  0  1 -2 -1  0  0  0  0 |     -3  0  cos  0  0  2  0 -2  0  0  0  0
                                        |                                          |      3  1  sin  0  0  1  0  1  0  0  0  0
                                        |                                          |      3  1  sin  0  0  1  0 -1 -1  0  0  0

                                        |                                          |     -3  1  sin  0  0  1  0 -1  1  0  0  0
                                        |                                          |     -3  0  sin  0  1 -1  0  1  0  0  0  0
                                        |                                          |      2  0  sin  1  0 -1  0  0  0  0  0  0
                                        |                                          |     -2  0  sin  0  0  1  0  0  1  1  0  0
                                        |                                          |      2  0  sin  0  0  1  0  0 -1 -1  0  0
                                        |                                          |     -2  0  sin  0  0  1  0  1  0 -2  0  0

                                        |                                          |     -2  0  sin  0  1  1  0 -1  0  0  0  0
                                        |                                          |     -2  0  cos  0  0  0  1  0  0  0  0 -1
                                        |                                          |      2  0  sin  0  0  0  4  0  0  0 -8  3
                                        |                                          |     -2  0  sin  0  0  0  1  0 -1  0  0  0
